{
  "accessors": [
    {
      "bufferView": 0,
      "componentType": 5126,
      "count": 2580,
      "max": [
        11.929133415222168,
        9.055118560791016,
        5.472440719604492
      ],
      "min": [
        -11.929133415222168,
        0.0,
        -5.472440719604492
      ],
      "type": "VEC3"
    },
    {
      "bufferView": 0,
      "byteOffset": 12,
      "componentType": 5126,
      "count": 2580,
      "type": "VEC3"
    },
    {
      "bufferView": 1,
      "componentType": 5125,
      "count": 7272,
      "type": "SCALAR"
    },
    {
      "bufferView": 2,
      "componentType": 5126,
      "count": 9062,
      "max": [
        0.4527558982372284,
        1.7666996717453003,
        1.7716535329818726
      ],
      "min": [
        -0.4527558982372284,
        -1.7666996717453003,
        -1.7716535329818726
      ],
      "type": "VEC3"
    },
    {
      "bufferView": 2,
      "byteOffset": 12,
      "componentType": 5126,
      "count": 9062,
      "type": "VEC3"
    },
    {
      "bufferView": 3,
      "componentType": 5125,
      "count": 37356,
      "type": "SCALAR"
    },
    {
      "bufferView": 4,
      "componentType": 5126,
      "count": 12207,
      "max": [
        0.29527559876441956,
        1.0207598209381104,
        1.0236220359802246
      ],
      "min": [
        -0.29527559876441956,
        -1.0207598209381104,
        -1.0236220359802246
      ],
      "type": "VEC3"
    },
    {
      "bufferView": 4,
      "byteOffset": 12,
      "componentType": 5126,
      "count": 12207,
      "type": "VEC3"
    },
    {
      "bufferView": 5,
      "componentType": 5125,
      "count": 48888,
      "type": "SCALAR"
    },
    {
      "bufferView": 6,
      "componentType": 5126,
      "count": 1222,
      "max": [
        1.4173228740692139,
        2.3359482288360596,
        2.3621208667755127
      ],
      "min": [
        -1.4173247814178467,
        -2.3359482288360596,
        -2.3621208667755127
      ],
      "type": "VEC3"
    },
    {
      "bufferView": 6,
      "byteOffset": 12,
      "componentType": 5126,
      "count": 1222,
      "type": "VEC3"
    },
    {
      "bufferView": 7,
      "componentType": 5125,
      "count": 3204,
      "type": "SCALAR"
    },
    {
      "bufferView": 8,
      "componentType": 5126,
      "count": 134,
      "max": [
        0.4921259880065918,
        0.49115487933158875,
        12.125984191894531
      ],
      "min": [
        -0.48824542760849,
        -0.49115487933158875,
        0.0
      ],
      "type": "VEC3"
    },
    {
      "bufferView": 8,
      "byteOffset": 12,
      "componentType": 5126,
      "count": 134,
      "type": "VEC3"
    },
    {
      "bufferView": 9,
      "componentType": 5125,
      "count": 360,
      "type": "SCALAR"
    },
    {
      "bufferView": 10,
      "componentType": 5126,
      "count": 3238,
      "max": [
        1.4173228740692139,
        6.60701322555542,
        6.614123344421387
      ],
      "min": [
        -0.5000020265579224,
        -6.60701322555542,
        -6.614123344421387
      ],
      "type": "VEC3"
    },
    {
      "bufferView": 10,
      "byteOffset": 12,
      "componentType": 5126,
      "count": 3238,
      "type": "VEC3"
    },
    {
      "bufferView": 11,
      "componentType": 5125,
      "count": 8388,
      "type": "SCALAR"
    },
    {
      "bufferView": 12,
      "componentType": 5126,
      "count": 134,
      "max": [
        0.5905511975288391,
        0.5893858671188354,
        13.38582706451416
      ],
      "min": [
        -0.5858945250511169,
        -0.5893858671188354,
        0.0
      ],
      "type": "VEC3"
    },
    {
      "bufferView": 12,
      "byteOffset": 12,
      "componentType": 5126,
      "count": 134,
      "type": "VEC3"
    },
    {
      "bufferView": 13,
      "componentType": 5125,
      "count": 360,
      "type": "SCALAR"
    },
    {
      "bufferView": 14,
      "componentType": 5126,
      "count": 2676,
      "max": [
        11.653543472290039,
        7.478177547454834,
        8.425196647644043
      ],
      "min": [
        -11.653543472290039,
        -2.7482231307286373e-14,
        -2.5196850299835205
      ],
      "type": "VEC3"
    },
    {
      "bufferView": 14,
      "byteOffset": 12,
      "componentType": 5126,
      "count": 2676,
      "type": "VEC3"
    },
    {
      "bufferView": 15,
      "componentType": 5125,
      "count": 7584,
      "type": "SCALAR"
    },
    {
      "bufferView": 16,
      "componentType": 5126,
      "count": 24,
      "max": [
        0.15748031437397003,
        0.11417322605848312,
        3.149606227874756
      ],
      "min": [
        -0.15748031437397003,
        -0.11417322605848312,
        0.0
      ],
      "type": "VEC3"
    },
    {
      "bufferView": 16,
      "byteOffset": 12,
      "componentType": 5126,
      "count": 24,
      "type": "VEC3"
    },
    {
      "bufferView": 17,
      "componentType": 5125,
      "count": 36,
      "type": "SCALAR"
    }
  ],
  "asset": {
    "version": "2.0"
  },
  "bufferViews": [
    {
      "buffer": 0,
      "byteLength": 82560,
      "byteStride": 32,
      "target": 34962
    },
    {
      "buffer": 0,
      "byteLength": 29088,
      "byteOffset": 82560,
      "target": 34963
    },
    {
      "buffer": 0,
      "byteLength": 289984,
      "byteOffset": 111648,
      "byteStride": 32,
      "target": 34962
    },
    {
      "buffer": 0,
      "byteLength": 149424,
      "byteOffset": 401632,
      "target": 34963
    },
    {
      "buffer": 0,
      "byteLength": 390624,
      "byteOffset": 551056,
      "byteStride": 32,
      "target": 34962
    },
    {
      "buffer": 0,
      "byteLength": 195552,
      "byteOffset": 941680,
      "target": 34963
    },
    {
      "buffer": 0,
      "byteLength": 39104,
      "byteOffset": 1137232,
      "byteStride": 32,
      "target": 34962
    },
    {
      "buffer": 0,
      "byteLength": 12816,
      "byteOffset": 1176336,
      "target": 34963
    },
    {
      "buffer": 0,
      "byteLength": 4288,
      "byteOffset": 1189152,
      "byteStride": 32,
      "target": 34962
    },
    {
      "buffer": 0,
      "byteLength": 1440,
      "byteOffset": 1193440,
      "target": 34963
    },
    {
      "buffer": 0,
      "byteLength": 103616,
      "byteOffset": 1194880,
      "byteStride": 32,
      "target": 34962
    },
    {
      "buffer": 0,
      "byteLength": 33552,
      "byteOffset": 1298496,
      "target": 34963
    },
    {
      "buffer": 0,
      "byteLength": 4288,
      "byteOffset": 1332048,
      "byteStride": 32,
      "target": 34962
    },
    {
      "buffer": 0,
      "byteLength": 1440,
      "byteOffset": 1336336,
      "target": 34963
    },
    {
      "buffer": 0,
      "byteLength": 85632,
      "byteOffset": 1337776,
      "byteStride": 32,
      "target": 34962
    },
    {
      "buffer": 0,
      "byteLength": 30336,
      "byteOffset": 1423408,
      "target": 34963
    },
    {
      "buffer": 0,
      "byteLength": 768,
      "byteOffset": 1453744,
      "byteStride": 32,
      "target": 34962
    },
    {
      "buffer": 0,
      "byteLength": 144,
      "byteOffset": 1454512,
      "target": 34963
    }
  ],
  "buffers": [
    {
      "byteLength": 1454656,
      "uri": "gear_box.bin"
    }
  ],
  "materials": [
    {
      "name": "Material__25",
      "pbrMetallicRoughness": {
        "baseColorFactor": [
          0.792156994342804,
          0.8196079730987549,
          0.9333329796791077,
          1.0
        ],
        "metallicFactor": 0.0,
        "roughnessFactor": 0.0
      }
    },
    {
      "name": "satin_finish_stainless_steel",
      "pbrMetallicRoughness": {
        "baseColorFactor": [
          1.0,
          0.9490200281143188,
          0.9098039865493774,
          1.0
        ],
        "metallicFactor": 0.0,
        "roughnessFactor": 0.0
      }
    }
  ],
  "meshes": [
    {
      "name": "Revolve2",
      "primitives": [
        {
          "attributes": {
            "NORMAL": 1,
            "POSITION": 0
          },
          "indices": 2,
          "material": 0,
          "mode": 4
        }
      ]
    },
    {
      "name": "BallsDetailed",
      "primitives": [
        {
          "attributes": {
            "NORMAL": 4,
            "POSITION": 3
          },
          "indices": 5,
          "material": 1,
          "mode": 4
        }
      ]
    },
    {
      "name": "Obj_BallsDetailed",
      "primitives": [
        {
          "attributes": {
            "NORMAL": 7,
            "POSITION": 6
          },
          "indices": 8,
          "material": 1,
          "mode": 4
        }
      ]
    },
    {
      "name": "Keyway",
      "primitives": [
        {
          "attributes": {
            "NORMAL": 10,
            "POSITION": 9
          },
          "indices": 11,
          "material": 1,
          "mode": 4
        }
      ]
    },
    {
      "name": "Cut-Extrude1",
      "primitives": [
        {
          "attributes": {
            "NORMAL": 13,
            "POSITION": 12
          },
          "indices": 14,
          "material": 0,
          "mode": 4
        }
      ]
    },
    {
      "name": "Obj_Keyway",
      "primitives": [
        {
          "attributes": {
            "NORMAL": 16,
            "POSITION": 15
          },
          "indices": 17,
          "material": 1,
          "mode": 4
        }
      ]
    },
    {
      "name": "Obj_Cut-Extrude1",
      "primitives": [
        {
          "attributes": {
            "NORMAL": 19,
            "POSITION": 18
          },
          "indices": 20,
          "material": 0,
          "mode": 4
        }
      ]
    },
    {
      "name": "Obj_Revolve2",
      "primitives": [
        {
          "attributes": {
            "NORMAL": 22,
            "POSITION": 21
          },
          "indices": 23,
          "material": 0,
          "mode": 4
        }
      ]
    },
    {
      "name": "Boss-Extrude1",
      "primitives": [
        {
          "attributes": {
            "NORMAL": 25,
            "POSITION": 24
          },
          "indices": 26,
          "material": 0,
          "mode": 4
        }
      ]
    }
  ],
  "nodes": [
    {
      "matrix": [
        0.0254,
        0.0,
        0.0,
        0.0,
        0.0,
        0.0254,
        0.0,
        0.0,
        0.0,
        0.0,
        0.0254,
        0.0,
        0.0,
        0.0,
        0.0,
        1.0
      ],
      "mesh": 0,
      "name": "Revolve2"
    },
    {
      "children": [
        0
      ],
      "matrix": [
        1.0,
        0.0,
        0.0,
        0.0,
        0.0,
        1.0,
        4.371138828673793e-08,
        0.0,
        0.0,
        -4.371138828673793e-08,
        1.0,
        0.0,
        0.016041029715538023,
        -0.17063110618591307,
        -0.12358061084747314,
        1.0
      ]
    },
    {
      "matrix": [
        0.0254,
        0.0,
        0.0,
        0.0,
        0.0,
        0.0254,
        0.0,
        0.0,
        0.0,
        0.0,
        0.0254,
        0.0,
        0.0,
        0.0,
        0.0,
        1.0
      ],
      "mesh": 1,
      "name": "BallsDetailed"
    },
    {
      "children": [
        2
      ],
      "matrix": [
        3.172255347294595e-08,
        4.081276472334139e-08,
        -1.000000238418579,
        0.0,
        0.08792345225811005,
        0.9961276054382324,
        4.470350489782504e-08,
        0.0,
        0.9961275458335876,
        -0.08792346715927124,
        2.7779622158163875e-08,
        0.0,
        0.08604103569984435,
        0.05936887497901916,
        -0.033080623722076416,
        1.0
      ]
    },
    {
      "matrix": [
        0.0254,
        0.0,
        0.0,
        0.0,
        0.0,
        0.0254,
        0.0,
        0.0,
        0.0,
        0.0,
        0.0254,
        0.0,
        0.0,
        0.0,
        0.0,
        1.0
      ],
      "mesh": 1,
      "name": "BallsDetailed"
    },
    {
      "children": [
        4
      ],
      "matrix": [
        6.95241766379695e-08,
        1.2185602749070767e-08,
        -1.0,
        0.0,
        0.7732250094413757,
        0.6341319680213928,
        6.402842700481415e-08,
        0.0,
        0.6341319680213928,
        -0.7732248902320862,
        3.3993273973464966e-08,
        0.0,
        0.08604101753234863,
        0.059368887090682984,
        -0.2140806100845337,
        1.0
      ]
    },
    {
      "matrix": [
        0.0254,
        0.0,
        0.0,
        0.0,
        0.0,
        0.0254,
        0.0,
        0.0,
        0.0,
        0.0,
        0.0254,
        0.0,
        0.0,
        0.0,
        0.0,
        1.0
      ],
      "mesh": 1,
      "name": "BallsDetailed"
    },
    {
      "children": [
        6
      ],
      "matrix": [
        -8.730823708447136e-08,
        4.75854200487902e-08,
        -1.0,
        0.0,
        0.05909362435340883,
        0.9982524514198305,
        4.234290429394606e-08,
        0.0,
        0.9982523918151855,
        -0.05909362435340883,
        -8.996767064672895e-08,
        0.0,
        0.08604102964401245,
        0.05936887497901916,
        -0.006080612373352051,
        1.0
      ]
    },
    {
      "matrix": [
        0.0254,
        0.0,
        0.0,
        0.0,
        0.0,
        0.0254,
        0.0,
        0.0,
        0.0,
        0.0,
        0.0254,
        0.0,
        0.0,
        0.0,
        0.0,
        1.0
      ],
      "mesh": 1,
      "name": "BallsDetailed"
    },
    {
      "children": [
        8
      ],
      "matrix": [
        2.702049926028849e-07,
        4.371138118131057e-08,
        -0.9999998807907103,
        0.0,
        0.0,
        0.9999999999999998,
        4.371138828673792e-08,
        0.0,
        0.9999998807907103,
        -1.1811035886843435e-14,
        2.702049926028849e-07,
        0.0,
        0.08604102964401245,
        0.059368887090682984,
        -0.24108060932159422,
        1.0
      ]
    },
    {
      "matrix": [
        0.0254,
        0.0,
        0.0,
        0.0,
        0.0,
        0.0254,
        0.0,
        0.0,
        0.0,
        0.0,
        0.0254,
        0.0,
        0.0,
        0.0,
        0.0,
        1.0
      ],
      "mesh": 2,
      "name": "Obj_BallsDetailed"
    },
    {
      "children": [
        10
      ],
      "matrix": [
        2.702049926028849e-07,
        4.371138118131057e-08,
        -0.9999998807907103,
        0.0,
        0.0,
        0.9999999999999998,
        4.371138828673792e-08,
        0.0,
        0.9999998807907103,
        -1.1811035886843435e-14,
        2.702049926028849e-07,
        0.0,
        -0.12995897636413573,
        0.05936887497901916,
        -0.03708060970306396,
        1.0
      ]
    },
    {
      "matrix": [
        0.0254,
        0.0,
        0.0,
        0.0,
        0.0,
        0.0254,
        0.0,
        0.0,
        0.0,
        0.0,
        0.0254,
        0.0,
        0.0,
        0.0,
        0.0,
        1.0
      ],
      "mesh": 2,
      "name": "Obj_BallsDetailed"
    },
    {
      "children": [
        12
      ],
      "matrix": [
        2.702049926028849e-07,
        4.371138118131057e-08,
        -0.9999998807907103,
        0.0,
        0.0,
        0.9999999999999998,
        4.371138828673792e-08,
        0.0,
        0.9999998807907103,
        -1.1811035886843435e-14,
        2.702049926028849e-07,
        0.0,
        -0.12995897636413573,
        0.05936887497901916,
        -0.01808060665130615,
        1.0
      ]
    },
    {
      "matrix": [
        0.0254,
        0.0,
        0.0,
        0.0,
        0.0,
        0.0254,
        0.0,
        0.0,
        0.0,
        0.0,
        0.0254,
        0.0,
        0.0,
        0.0,
        0.0,
        1.0
      ],
      "mesh": 2,
      "name": "Obj_BallsDetailed"
    },
    {
      "children": [
        14
      ],
      "matrix": [
        5.587935447692871e-08,
        -2.0954757928848267e-09,
        -1.000000238418579,
        0.0,
        0.6317247748374937,
        0.775192856788635,
        6.979098543524742e-08,
        0.0,
        0.7751931548118589,
        -0.6317249536514282,
        4.21423465013504e-08,
        0.0,
        -0.12995898847579956,
        0.05936891131401062,
        -0.22908061504364013,
        1.0
      ]
    },
    {
      "matrix": [
        0.0254,
        0.0,
        0.0,
        0.0,
        0.0,
        0.0254,
        0.0,
        0.0,
        0.0,
        0.0,
        0.0254,
        0.0,
        0.0,
        0.0,
        0.0,
        1.0
      ],
      "mesh": 2,
      "name": "Obj_BallsDetailed"
    },
    {
      "children": [
        16
      ],
      "matrix": [
        3.187051333952695e-08,
        4.096779093742952e-08,
        -0.9999998211860655,
        0.0,
        -0.04723124206066131,
        0.9988834261894225,
        4.329630343136159e-08,
        0.0,
        0.9988834261894225,
        0.04723123461008071,
        3.382137947482988e-08,
        0.0,
        -0.12995897636413573,
        0.059368887090682984,
        -0.21008061199188233,
        1.0
      ]
    },
    {
      "matrix": [
        0.0254,
        0.0,
        0.0,
        0.0,
        0.0,
        0.0254,
        0.0,
        0.0,
        0.0,
        0.0,
        0.0254,
        0.0,
        0.0,
        0.0,
        0.0,
        1.0
      ],
      "mesh": 3,
      "name": "Keyway"
    },
    {
      "children": [
        18
      ],
      "matrix": [
        3.1844287207150046e-08,
        4.4209222949120885e-08,
        -1.0,
        0.0,
        0.08369240909814835,
        0.9964916706085205,
        4.672097020375077e-08,
        0.0,
        0.9964916706085205,
        -0.08369240909814835,
        2.8067461244063452e-08,
        0.0,
        -0.12995897636413573,
        0.059368887090682984,
        -0.12858059635162353,
        1.0
      ]
    },
    {
      "matrix": [
        0.0254,
        0.0,
        0.0,
        0.0,
        0.0,
        0.0254,
        0.0,
        0.0,
        0.0,
        0.0,
        0.0254,
        0.0,
        0.0,
        0.0,
        0.0,
        1.0
      ],
      "mesh": 4,
      "name": "Cut-Extrude1"
    },
    {
      "children": [
        20
      ],
      "matrix": [
        0.9964919090270998,
        -0.08369230479002,
        -3.6583069906726004e-09,
        0.0,
        0.08369230479002,
        0.9964919090270998,
        4.355804250621987e-08,
        0.0,
        1.92292939920916e-17,
        -4.3711388286737935e-08,
        1.0,
        0.0,
        -0.12995897636413573,
        0.05936887497901916,
        -0.23758060493469238,
        1.0
      ]
    },
    {
      "matrix": [
        0.0254,
        0.0,
        0.0,
        0.0,
        0.0,
        0.0254,
        0.0,
        0.0,
        0.0,
        0.0,
        0.0254,
        0.0,
        0.0,
        0.0,
        0.0,
        1.0
      ],
      "mesh": 5,
      "name": "Obj_Keyway"
    },
    {
      "children": [
        22
      ],
      "matrix": [
        7.544440450146794e-08,
        4.7031790018081665e-08,
        -1.0,
        0.0,
        -0.08783736824989316,
        0.996134877204895,
        4.0223994801635854e-08,
        0.0,
        0.996134877204895,
        0.08783736824989316,
        7.924973033368587e-08,
        0.0,
        0.08604102964401245,
        0.05936887497901916,
        -0.12858059635162353,
        1.0
      ]
    },
    {
      "matrix": [
        0.0254,
        0.0,
        0.0,
        0.0,
        0.0,
        0.0254,
        0.0,
        0.0,
        0.0,
        0.0,
        0.0254,
        0.0,
        0.0,
        0.0,
        0.0,
        1.0
      ],
      "mesh": 6,
      "name": "Obj_Cut-Extrude1"
    },
    {
      "children": [
        24
      ],
      "matrix": [
        0.9961348176002502,
        0.08783750981092453,
        3.839499385094314e-09,
        0.0,
        -0.08783750981092453,
        0.9961348176002502,
        4.354243543502889e-08,
        0.0,
        1.1131515914094515e-17,
        -4.371138828673793e-08,
        1.0,
        0.0,
        0.08604102964401245,
        0.0593688992023468,
        -0.33358060760498043,
        1.0
      ]
    },
    {
      "matrix": [
        0.0254,
        0.0,
        0.0,
        0.0,
        0.0,
        0.0254,
        0.0,
        0.0,
        0.0,
        0.0,
        0.0254,
        0.0,
        0.0,
        0.0,
        0.0,
        1.0
      ],
      "mesh": 7,
      "name": "Obj_Revolve2"
    },
    {
      "children": [
        26
      ],
      "matrix": [
        1.0,
        0.0,
        0.0,
        0.0,
        0.0,
        1.0,
        4.371138828673793e-08,
        0.0,
        0.0,
        -4.371138828673793e-08,
        1.0,
        0.0,
        0.016041029715538023,
        0.059368887090682984,
        -0.19858061141967773,
        1.0
      ]
    },
    {
      "matrix": [
        0.0254,
        0.0,
        0.0,
        0.0,
        0.0,
        0.0254,
        0.0,
        0.0,
        0.0,
        0.0,
        0.0254,
        0.0,
        0.0,
        0.0,
        0.0,
        1.0
      ],
      "mesh": 8,
      "name": "Boss-Extrude1"
    },
    {
      "children": [
        28
      ],
      "matrix": [
        0.9964919090270998,
        -0.08369230479002,
        -3.6583069906726004e-09,
        0.0,
        0.08369230479002,
        0.9964919090270998,
        4.355804250621987e-08,
        0.0,
        0.0,
        -4.3711388286737935e-08,
        1.0,
        0.0,
        -0.128879354763031,
        0.07222364993095398,
        -0.1695806010246277,
        1.0
      ]
    },
    {
      "matrix": [
        0.0254,
        0.0,
        0.0,
        0.0,
        0.0,
        0.0254,
        0.0,
        0.0,
        0.0,
        0.0,
        0.0254,
        0.0,
        0.0,
        0.0,
        0.0,
        1.0
      ],
      "mesh": 8,
      "name": "Boss-Extrude1"
    },
    {
      "children": [
        30
      ],
      "matrix": [
        0.9961348176002502,
        0.08783750981092453,
        3.839499385094314e-09,
        0.0,
        -0.08783750981092453,
        0.9961348176002502,
        4.354243543502889e-08,
        0.0,
        1.394863946687432e-16,
        -4.371138828673793e-08,
        1.0,
        0.0,
        0.08490792293548584,
        0.07221902327537537,
        -0.1758805556297302,
        1.0
      ]
    }
  ],
  "scenes": [
    {
      "nodes": [
        1,
        3,
        5,
        7,
        9,
        11,
        13,
        15,
        17,
        19,
        21,
        23,
        25,
        27,
        29,
        31
      ]
    }
  ]
}
